33,31,40,0,40,14,24,0,16,50,28,49,25,53,14,24,34,49,33,10,42
21,54,33,34,0,57,39,0,48,27,5,0,22,38,0,40,47,41,0,16,50,28,49,25,53,14,24,34,49,33,10,42
22,23,0,40,47,41,0,44,52,33,0,20,24,29,37,49,29,34,0,51,53,23,25,0,16,38,16,7,42
22,23,0,40,47,41,0,15,48,53,29,0,54,14,40,29,16,0,21,48,53,0,22,57,29,16,53,49,16,0,21,52,21,34,23,0,15,23,33,23,0,52,29,0,44,52,33,0,32,31,40,34,49,45,25,0,51,53,23,25,0,34,14,40,29,0,25,48,27,16,0,43,15,16,50,53,49,5,0,40,50,53,0,32,23,32,49,27,0,21,53,57,28,0,43,59,49,29,41,0,33,50,16,0,44,43,34,0,23,39,49,29,0,44,49,0,50,53,0,25,47,41,49,41,0,33,34,38,32,52,16,52,34,23,7,42
22,23,0,40,47,41,0,49,0,16,52,33,14,24,32,49,27,0,57,39,0,27,38,33,52,32,49,33,5,0,49,25,48,53,16,52,45,0,34,49,0,28,14,24,0,33,48,53,33,5,0,40,52,37,0,52,41,0,40,52,25,52,32,23,16,23,49,7,42
22,50,41,0,25,48,27,16,0,49,0,2,32,53,23,6,33,49,25,53,43,34,52,25,5,2,0,23,39,49,29,0,44,31,40,0,43,25,37,49,40,49,27,23,0,22,23,0,40,47,41,0,49,0,25,49,29,34,50,28,32,54,50,53,23,0,57,39,0,33,47,25,53,49,34,23,41,7,42
44,43,34,0,51,52,39,41,0,24,38,0,49,0,33,50,29,33,0,57,39,0,22,14,40,0,52,28,32,48,53,34,49,29,34,0,22,50,41,0,25,49,29,33,52,16,54,16,8,0,2,24,43,5,0,44,49,0,32,53,23,6,33,47,25,53,43,34,52,25,33,0,28,20,24,15,23,0,33,34,52,25,0,50,28,0,52,29,0,33,57,28,40,50,53,0,52,29,0,44,49,0,21,54,33,34,0,40,23,25,0,57,39,0,25,27,43,33,7,2,7,42
52,29,33,52,16,50,29,34,49,27,23,5,0,59,50,53,49,41,0,49,0,33,34,48,53,23,0,44,43,34,0,16,50,28,49,25,53,14,24,34,49,33,0,19,54,29,23,16,0,34,49,0,43,59,49,29,41,0,34,49,0,28,23,34,0,33,47,25,53,49,34,23,41,5,0,15,57,34,0,44,50,29,0,40,47,41,0,34,38,0,55,14,24,0,34,49,0,52,29,34,53,49,16,38,33,0,22,52,28,33,50,27,21,7,42
48,27,28,31,40,33,34,0,29,57,29,0,57,39,0,16,50,28,49,25,53,14,24,34,49,41,41,0,53,14,24,34,52,45,41,0,33,54,39,14,24,39,7,42
33,57,28,0,33,54,39,14,24,39,16,0,52,29,34,38,0,44,49,0,28,52,16,49,27,0,20,24,19,49,41,5,0,15,57,34,0,44,20,24,54,0,27,48,33,34,0,29,14,40,7,42
40,57,34,0,40,23,0,29,31,40,0,49,15,14,40,34,0,22,52,28,0,52,41,0,28,31,40,33,34,27,23,0,16,38,0,34,49,0,57,44,54,0,21,49,27,47,33,49,21,54,41,5,0,27,14,24,25,0,50,53,49,33,34,47,34,49,27,5,0,15,53,52,45,52,45,0,22,52,28,0,57,32,0,52,29,0,48,53,16,54,0,34,49,0,25,53,52,34,52,33,14,24,41,0,22,52,28,7,42
33,31,40,5,0,40,57,34,0,16,52,16,0,44,20,24,0,25,53,52,34,52,33,14,24,41,10,42
16,50,28,49,25,53,14,24,34,49,33,0,59,48,34,0,44,49,0,22,31,40,27,0,24,38,29,49,39,54,33,0,52,41,0,25,49,28,32,31,40,41,16,0,57,39,0,43,34,49,28,41,0,52,29,0,49,0,39,31,24,16,5,0,25,47,29,33,34,49,29,34,27,23,0,28,38,39,52,45,0,54,14,40,29,16,0,49,25,48,53,16,52,45,0,34,49,0,16,52,34,54,28,49,29,20,24,34,5,0,57,29,16,54,33,34,43,29,16,49,15,49,27,0,27,48,41,7,42
44,23,41,0,43,34,49,28,41,0,25,43,29,0,22,52,34,0,23,37,0,57,44,54,0,43,29,16,0,15,14,40,29,33,0,48,21,5,0,48,53,0,44,20,24,0,25,43,29,0,33,34,52,25,0,34,49,51,50,44,54,0,34,49,0,28,20,24,25,0,15,52,51,54,0,59,52,45,41,7,42
44,20,24,0,25,43,29,0,22,43,39,0,16,52,21,54,49,29,34,0,33,14,24,41,49,41,5,0,40,20,24,36,5,0,43,29,16,0,55,20,24,32,33,5,0,28,20,24,15,23,0,33,57,28,0,47,53,0,33,21,52,53,41,5,0,33,57,28,0,47,53,0,33,52,27,49,29,16,54,41,5,0,40,57,34,50,39,54,7,42
47,29,0,44,49,0,57,44,54,0,22,43,29,16,5,0,16,50,28,49,25,53,14,24,34,49,33,0,33,50,41,0,44,43,34,0,32,53,47,32,54,34,23,41,0,27,14,24,25,0,25,57,27,54,0,43,29,16,0,34,20,24,33,34,0,47,53,0,29,47,34,0,52,29,34,53,52,29,33,52,25,0,34,49,0,43,34,49,28,41,5,0,15,57,34,0,52,29,33,34,50,16,0,52,28,54,19,0,14,40,34,0,57,39,0,44,49,0,52,29,34,54,43,25,55,49,29,41,0,57,39,0,28,50,29,23,0,43,34,49,28,41,7,42
21,48,53,0,52,21,0,44,49,0,43,34,49,28,41,0,44,43,34,0,28,20,24,16,0,57,32,0,44,49,0,31,40,55,49,29,0,40,54,0,2,52,29,34,53,52,29,33,52,25,49,27,23,0,15,27,38,5,2,0,44,50,29,0,22,14,40,0,25,56,16,0,44,20,24,0,21,48,53,28,0,44,49,0,40,14,24,34,0,21,53,48,59,0,47,29,0,40,20,24,39,41,10,42
53,52,28,50,28,15,54,5,0,44,52,33,0,52,41,0,21,48,53,0,22,57,29,16,53,49,16,0,15,23,33,23,7,42
33,31,40,0,21,47,53,0,40,50,53,0,15,43,34,52,45,0,32,53,52,34,23,0,40,50,27,7,42
40,14,24,0,16,31,40,41,0,16,50,28,49,25,53,14,24,34,49,33,0,59,52,45,25,0,44,43,34,0,59,52,45,41,0,47,53,0,28,20,24,16,0,57,39,0,43,34,49,28,41,10,42
22,23,0,51,52,39,41,0,49,0,21,24,38,0,47,53,51,24,49,28,49,29,36,5,0,40,57,29,0,57,39,0,40,52,37,0,25,43,29,0,15,23,0,32,50,53,49,21,53,20,24,41,34,0,43,41,0,21,47,27,31,40,41,8,0,33,49,32,31,40,41,0,40,23,0,22,43,39,0,43,29,0,43,32,49,27,5,0,43,29,16,0,33,49,32,31,40,41,0,44,49,0,43,32,49,27,0,52,41,0,28,20,24,16,0,29,47,34,0,57,39,0,43,34,49,28,41,0,15,57,34,0,57,39,0,25,49,29,34,52,29,24,38,49,33,5,0,22,47,53,16,0,33,34,57,21,7,42
43,29,16,0,33,49,32,31,40,41,0,40,23,0,34,20,24,25,0,49,0,29,14,24,21,0,43,29,16,0,33,27,14,24,33,0,44,49,0,43,32,49,27,0,52,29,34,38,0,34,38,0,32,23,33,49,41,7,42
52,36,0,25,27,52,53,0,44,43,34,0,44,49,0,32,31,24,29,36,0,47,29,0,40,57,29,0,33,14,24,16,0,51,31,40,0,52,29,34,38,0,44,49,0,21,54,33,34,0,32,23,33,0,43,29,16,0,44,49,0,32,31,24,29,36,0,47,29,0,44,49,0,57,44,54,0,33,14,24,16,0,51,31,40,0,52,29,34,38,0,44,49,0,33,50,25,49,29,16,0,32,23,33,5,0,15,57,34,0,40,57,34,0,49,15,14,40,34,0,44,49,0,32,31,24,29,36,0,52,51,41,43,25,34,27,23,0,47,29,0,44,49,0,15,14,40,29,16,54,23,10,42
16,38,0,44,20,24,0,16,52,33,49,32,52,53,10,42
16,38,0,44,20,24,0,51,50,34,0,16,38,32,27,52,25,20,24,34,52,16,10,42
52,41,0,44,49,0,33,52,28,49,34,53,23,0,15,53,31,40,25,49,29,10,42
29,57,29,0,57,39,0,44,23,41,0,32,47,33,49,15,52,27,49,34,23,41,0,33,23,28,0,32,47,53,34,52,25,24,49,27,54,27,23,0,50,27,49,51,49,29,34,7,42
52,29,33,52,16,50,29,34,49,27,23,5,0,59,50,53,49,41,0,49,0,16,49,15,20,24,34,0,53,20,24,19,52,45,0,23,39,49,29,0,34,49,16,20,24,0,15,52,34,40,23,29,0,43,34,49,28,6,52,33,36,0,43,29,16,0,43,29,34,23,6,43,34,49,28,49,33,36,7,42
43,34,0,52,55,38,0,52,29,0,44,52,33,0,16,49,15,20,24,34,0,52,41,0,40,50,44,54,0,33,32,20,24,33,0,43,29,16,0,34,14,24,28,0,44,50,28,33,50,27,39,41,0,47,53,0,28,20,24,16,0,57,32,0,57,39,0,52,29,16,52,39,52,33,52,15,49,27,0,43,34,49,28,41,5,0,43,34,0,44,49,0,32,27,43,45,25,0,33,25,20,24,27,0,57,39,0,34,50,29,0,34,49,0,59,54,16,23,6,59,53,23,0,33,50,29,34,49,28,23,34,54,41,0,48,53,0,34,50,29,0,34,49,0,21,48,53,34,23,6,59,53,23,0,33,50,25,49,29,18,7,42
40,57,29,33,0,49,51,50,29,5,0,44,49,0,21,52,41,52,33,52,33,36,0,22,43,39,0,39,50,53,23,0,27,52,34,49,27,0,52,25,33,32,50,53,49,28,50,29,34,49,27,0,50,39,49,16,49,29,33,0,34,49,0,51,31,40,0,47,29,5,0,43,29,16,0,47,53,0,15,20,24,33,52,25,27,23,0,52,29,0,44,49,0,33,20,24,28,0,33,52,37,38,20,24,55,49,29,0,44,43,34,0,16,50,28,49,25,53,14,24,34,49,33,0,40,47,41,0,52,29,5,0,34,40,50,29,34,23,6,21,48,53,0,22,57,29,16,53,49,16,0,24,52,53,41,0,49,51,31,40,7,42
52,21,0,24,38,0,40,47,29,34,0,43,29,0,52,51,29,54,49,29,34,5,0,57,29,52,29,21,48,53,28,16,0,27,20,24,32,54,33,49,29,41,0,49,32,52,29,24,49,29,5,0,28,14,24,0,28,57,29,23,0,52,41,0,47,29,0,44,49,0,43,34,49,28,49,33,34,0,33,14,24,16,7,42
43,29,16,0,44,49,0,47,53,51,24,49,28,49,29,36,0,52,16,0,24,38,33,0,47,53,0,29,47,34,0,52,29,34,14,24,54,27,23,0,16,52,21,54,49,29,34,0,21,53,57,28,0,44,49,0,40,57,29,41,0,16,50,28,49,25,53,14,24,34,49,33,0,24,38,41,16,8,0,44,20,24,0,22,52,29,19,0,28,31,40,33,34,27,23,0,47,29,0,52,29,22,52,53,49,29,34,0,28,43,59,49,28,43,34,52,25,49,27,0,16,52,21,49,25,49,27,34,23,41,0,40,52,44,0,44,49,0,25,49,29,34,52,29,24,38,49,28,7,42
